north: 11
south: 10
east: -84
west: -85
rows: 14
cols: 14
1 1 3 3 5 6 6 9 9 10 15 15 13 15 
1 1 3 3 5 6 6 9 9 10 15 15 13 15 
2 2 3 3 5 6 6 9 9 10 15 15 13 15 
2 2 2 4 5 7 7 8 9 10 11 11 13 13 
2 2 2 5 5 7 7 8 9 10 11 11 13 13 
1 2 3 5 5 7 7 4 4 8 8 12 13 14 
1 2 4 5 5 6 7 4 4 8 8 12 13 14 
3 3 4 4 4 6 7 4 4 10 12 12 14 14 
3 3 3 4 4 9 9 9 9 10 12 12 14 14 
3 3 3 4 4 9 9 9 9 10 12 12 14 14 
1 2 4 5 5 6 7 4 4 8 8 12 13 14 
3 3 4 4 4 6 7 4 4 10 12 12 14 14 
3 3 3 4 4 9 9 9 9 10 12 12 14 14 
3 3 3 4 4 9 9 9 9 10 12 12 14 14 
