north: 11
south: 10
east: -84
west: -85
rows: 14
cols: 14
1 1 3 3 6 6 9 9 10 10 15 15 15 15 
1 1 3 3 6 6 9 9 10 10 15 15 15 15 
2 2 4 4 7 7 8 8 10 10 11 11 13 13 
2 2 4 4 7 7 8 8 10 10 11 11 13 13 
2 2 5 5 7 7 4 4 8 8 12 12 14 14 
2 2 5 5 7 7 4 4 8 8 12 12 14 14 
3 3 4 4 6 6 4 4 10 10 12 12 14 14 
3 3 4 4 6 6 4 4 10 10 12 12 14 14 
3 3 4 4 9 9 9 9 10 10 12 12 14 14 
3 3 4 4 9 9 9 9 10 10 12 12 14 14 
3 3 4 4 6 6 4 4 10 10 12 12 14 14 
3 3 4 4 6 6 4 4 10 10 12 12 14 14 
3 3 4 4 9 9 9 9 10 10 12 12 14 14 
3 3 4 4 9 9 9 9 10 10 12 12 14 14 
